        0         1         2      ...          125       126       127
0  0.013595 -0.068772 -0.013126    ...     0.011133 -0.040208 -0.041968
1  0.025009 -0.025586  0.012237    ...     0.008414 -0.013927  0.002399
2  0.031544 -0.025882 -0.060617    ...     0.049043 -0.011250 -0.029423
3  0.058714 -0.080251 -0.026101    ...     0.025708 -0.016543  0.012973
4  0.023366 -0.065667 -0.015601    ...     0.003725 -0.049937 -0.015975

[5 rows x 128 columns]             0         1         2      ...          125       126       127
11244  0.052459 -0.041838  0.040340    ...     0.007746  0.008804 -0.075481
11245 -0.015113 -0.135490 -0.024619    ...    -0.025096  0.035563 -0.034450
11246  0.030008 -0.042717  0.022891    ...     0.029154 -0.004911 -0.016940
11247  0.050630 -0.097507  0.055646    ...    -0.028480 -0.045290 -0.043572
11248 -0.005034 -0.090054 -0.042794    ...     0.037232 -0.052798 -0.044331

[5 rows x 128 columns]
